3.0
17.0
32.0
35.0
17.0
34.0
36.0
33.0
31.0
29.0
29.0
3.0
11.0
33.0
33.0
32.0
36.0
8.0
13.0
33.0
36.0
34.0
23.0
27.0
21.0
27.0
23.0
11.0
35.0
30.0
9.0
33.0
12.0
13.0
28.0
3.0
33.0
27.0
8.0
13.0
11.0
31.0
12.0
12.0
24.0
14.0
32.0
34.0
30.0
5.0
4.0
9.0
27.0
7.0
29.0
23.0
34.0
17.0
26.0
21.0
27.0
6.0
24.0
3.0
6.0
31.0
26.0
3.0
17.0
29.0
8.0
30.0
3.0
3.0
11.0
18.0
33.0
27.0
28.0
35.0
9.0
30.0
35.0
21.0
15.0
23.0
23.0
29.0
31.0
30.0
3.0
2.0
15.0
33.0
13.0
26.0
18.0
36.0
26.0
21.0
32.0
23.0
33.0
34.0
27.0
2.0
8.0
32.0
11.0
32.0
4.0
32.0
24.0
30.0
4.0
8.0
29.0
29.0
29.0
29.0
13.0
26.0
18.0
27.0
7.0
23.0
13.0
21.0
3.0
13.0
13.0
27.0
27.0
18.0
4.0
21.0
31.0
31.0
33.0
21.0
4.0
36.0
14.0
12.0
33.0
33.0
15.0
11.0
32.0
21.0
34.0
9.0
5.0
6.0
15.0
33.0
35.0
27.0
12.0
33.0
7.0
13.0
34.0
32.0
15.0
18.0
2.0
12.0
32.0
9.0
15.0
16.0
25.0
18.0
30.0
28.0
21.0
28.0
5.0
15.0
27.0
23.0
9.0
21.0
26.0
32.0
9.0
13.0
29.0
31.0
15.0
32.0
24.0
17.0
17.0
18.0
21.0
18.0
36.0
32.0
33.0
21.0
7.0
15.0
27.0
27.0
36.0
32.0
34.0
35.0
12.0
24.0
18.0
7.0
18.0
29.0
8.0
31.0
34.0
11.0
34.0
15.0
5.0
31.0
24.0
34.0
31.0
12.0
16.0
17.0
6.0
12.0
9.0
11.0
8.0
29.0
35.0
5.0
33.0
6.0
8.0
24.0
11.0
33.0
32.0
21.0
31.0
13.0
14.0
31.0
13.0
26.0
12.0
9.0
13.0
6.0
13.0
27.0
5.0
18.0
23.0
12.0
17.0
13.0
16.0
8.0
13.0
4.0
34.0
13.0
4.0
18.0
3.0
23.0
36.0
32.0
35.0
33.0
31.0
2.0
33.0
7.0
31.0
14.0
17.0
27.0
33.0
36.0
32.0
11.0
30.0
21.0
27.0
